16|749|216|849|"၁။ အမည်"
16|866|316|959|"၂။ မွေးသက္ကရာဇ်"
19|959|537|1077|"၃။ အမျိုးသားမှတ်ပုံတင်အမှတ်"
23|1088|387|1174|"၄။ နေခဲ့သည့်အတန်း"
37|1188|201|1291|"၅။ ခုနှစ်"
19|1302|419|1391|"၆။ နေခဲ့သည့်အဆောင်"
26|1395|476|1499|"၇။ ရရှိခဲ့သည့်ဘွဲ့(ရှိပါက)"
26|1506|491|1616|"၈။ နောက်ဆုံးအလုပ်အကိုင်"
19|1724|341|1831|"၉။ နေရပ်လိပ်စာ"
16|1949|491|2049|"၁၀။ ဆက်သွယ်နိုင်သည့်ဖုန်း"
591|731|873|845|"ဒေါ်သန်းရင်"
598|859|744|952|"၁၉၁၅"
594|963|894|1045|"AB-041362"
580|1070|730|1170|"B.A."
591|1184|830|1274|"၁၉၃၂-၃၇"
591|1288|834|1374|"သီရိဆောင်"
594|1388|726|1499|"B.A."
605|1506|1205|1591|"လက်ထောက်စာကြည့်တိုက်မှူး၊"
612|1609|1094|1699|"အမေရိကန်စာကြည့်တိုက်"
601|1724|1176|1806|"၄၁၉ စီ၊ အောင်ဇေယျလမ်း၊"
612|1831|1062|1927|"မြရတာလမ်း၊ရန်ကင်း"
605|1959|801|2034|"၅၉၄၇၈"
630|2195|751|2277|"၃၂၇"
