80|742|252|823|"အမည်"
90|839|352|920|"မွေးသက္ကရာဇ်"
573|842|850|921|"၁-၁၂-၁၉၁၇"
78|939|508|1028|"အမျိုးသားမှတ်ပုံတင်အမှတ်"
578|937|890|1012|"BN - 005783"
83|1046|373|1123|"နေခဲ့သည့်အတန်း"
574|1049|706|1119|"B.A."
80|1144|227|1235|"ခုနှစ်"
576|1158|710|1225|"၁၉၃၈"
80|1253|394|1330|"နေခဲ့သည့်အဆောင်"
576|1244|855|1332|"North Hall"
76|1349|443|1428|"ရရှိခဲ့သည့်ဘွဲ့(ရှိပါက)"
571|1349|703|1423|"B.A."
36|1458|469|1542|"၈။ နောက်ဆုံးအလုပ်အကိုင်"
566|1451|908|1539|"တရားရေးဦးစီးမှူး"
557|1560|866|1644|"ကရင်ပြည်နယ်"
29|1653|341|1744|"၉။ နေရပ်လိပ်စာ"
583|1660|1336|1737|"ဟင်္သာကုန်းရပ်၊ ၄-ရပ်ကွက်၊ ဖားအံမြို့။"
20|1760|462|1849|"၁၀။ ဆက်သွယ်နိုင်သည့်ဖုန်း"
571|1767|841|1846|"၀၃၅-၂၁၄၃၉"
608|2095|722|2172|"၁၅၃"
