44|717|258|814|"၁။ အမည်"
58|831|358|910|"၂။ မွေးသက္ကရာဇ်"
58|934|544|1014|"၃။ အမျိုးသားမှတ်ပုံတင်အမှတ်"
54|1031|406|1124|"၄။ နေခဲ့သည့်အတန်း"
51|1141|213|1224|"၅။ ခုနှစ်"
47|1234|441|1331|"၆။ နေခဲ့သည့်အဆောင်"
51|1331|475|1434|"၇။ ရရှိခဲ့သည့်ဘွဲ့(ရှိပါက)"
44|1445|496|1545|"၈။ နောက်ဆုံးအလုပ်အကိုင်"
41|1541|341|1648|"၉။ နေရပ်လိပ်စာ"
16|1762|482|1865|"၁၀။ ဆက်သွယ်နိုင်သည့်ဖုန်း"
599|707|796|824|"ဦးဟန်"
637|821|903|934|"၂၈-၁-၁၉၁၇"
627|934|910|1014|"DL 020397"
627|1038|1030|1128|"ဒုတိယနှစ် ဝိဇ္ဇာတန်း"
620|1159|889|1241|"၁၉၃၉-၁၉၄၀"
620|1238|799|1334|"စစ်ကိုင်း"
616|1345|782|1452|"ဝိဇ္ဇာဘွဲ့"
623|1459|958|1541|"တိုင်းပညာရေးမှူး"
623|1552|1292|1648|"တောင်လှည်းကောက်ရပ်၊ မင်းဘူးမြို့"
616|1665|854|1748|"မကွေးတိုင်း"
627|1769|892|1865|"၀၆၅-၂၁၁၀၂"
634|2131|754|2217|"၁၂၇"
